fish <-
structure(list(length = c(18.699999999999999, 15.4, 19.800000000000001, 
20.800000000000001, 25.199999999999999, 19.199999999999999, 18.300000000000001, 
14.6, 10.199999999999999, 13.9, 10.1, 8.9000000000000004, 14.1, 
10.699999999999999, 12.699999999999999, 8.8000000000000007, 6.5, 
15, 9.9000000000000004, 15.6), species = c("Salmon", "Salmon", 
"Salmon", "Salmon", "Salmon", "Salmon", "SeaBass", "SeaBass", 
"SeaBass", "SeaBass", "SeaBass", "SeaBass", "SeaBass", "SeaBass", 
"SeaBass", "SeaBass", "SeaBass", "Other", "Other", "Other")), class = "data.frame", row.names = c(NA, 
-20L))
